100 10
4 9 10 2 1 3 2 1 7 3 
7 11 10
2 5 7
16 20 5
6 10 8
15 18 1
11 14 3
1 4 5
17 21 9
14 18 6
10 15 2
20 23 5
1 5 1
4 8 4
12 14 9
2 4 6
15 19 9
18 22 7
17 22 7
18 20 8
11 13 1
5 8 2
17 18 10
5 8 8
2 7 6
6 10 9
4 7 4
12 15 4
18 21 10
22 23 7
17 19 3
15 19 5
10 13 9
4 7 4
11 14 7
23 2 7
19 22 10
7 10 9
18 23 3
16 19 3
4 5 6
9 12 7
20 23 9
17 20 6
12 17 8
14 18 1
13 16 5
16 19 3
5 9 4
10 11 8
7 9 3
1 6 9
13 16 10
6 10 10
17 21 8
22 0 8
7 11 6
21 21 2
1 4 3
9 13 7
18 22 2
4 6 3
4 8 4
10 16 3
1 3 10
12 15 5
22 1 8
1 4 1
5 7 3
23 4 5
22 1 6
21 0 1
3 6 5
7 11 4
7 10 9
3 6 7
6 8 6
13 17 4
21 0 5
11 14 10
20 22 4
6 9 3
15 19 10
14 16 3
13 16 3
4 7 2
19 22 9
19 22 2
3 7 10
20 0 3
12 15 8
0 2 9
15 18 7
5 6 10
17 19 2
16 18 9
5 8 9
5 9 1
12 14 2
13 16 8
11 13 7
