100 8
2 8 4 2 8 7 7 7 
18 21 4
6 11 2
5 8 7
10 15 5
21 22 5
15 17 5
22 2 3
22 0 5
21 1 6
18 22 3
12 16 2
13 17 3
8 12 4
5 7 7
7 10 7
9 13 3
11 13 5
7 12 3
18 22 4
19 23 5
9 14 3
12 15 1
14 18 8
3 7 5
12 15 6
16 18 8
7 10 7
19 22 7
15 19 7
6 9 6
10 15 8
10 14 8
14 18 2
10 14 1
17 19 3
19 21 7
18 21 2
21 23 5
6 10 6
17 19 3
21 0 6
19 22 3
0 3 1
13 16 8
12 15 1
20 22 5
11 13 4
19 21 6
16 20 5
21 1 2
1 2 3
6 10 2
0 2 4
3 8 8
11 13 7
22 4 1
3 5 3
0 4 8
7 9 4
17 22 6
1 4 7
0 2 8
22 0 8
19 22 5
3 5 3
0 1 1
7 11 6
23 2 6
14 17 6
23 2 4
21 1 6
10 13 6
21 0 6
10 10 5
19 20 6
12 15 2
4 8 7
23 3 3
21 0 4
14 15 5
15 18 7
19 22 8
21 1 3
14 16 5
12 15 5
0 4 1
0 2 4
2 4 5
8 11 1
16 20 3
7 9 6
4 7 6
3 7 4
16 19 2
23 2 4
6 9 7
9 10 1
16 20 4
17 20 3
2 5 1
