1000 6
6 2 1 2 6 5 
10 14 1
13 15 6
21 0 3
16 18 2
23 4 6
7 10 4
12 16 4
11 14 5
12 13 5
0 3 3
16 18 2
0 3 5
7 10 5
2 5 5
1 4 4
6 9 3
4 7 3
3 6 3
3 6 5
9 14 2
0 4 5
9 13 4
0 3 1
12 15 5
21 0 2
11 15 6
7 11 4
10 13 4
1 3 1
21 23 1
22 1 4
11 13 4
10 12 1
1 4 2
13 16 3
21 23 3
1 3 5
18 22 6
15 18 4
14 17 1
2 6 6
16 19 4
16 18 2
15 18 3
2 5 6
16 19 1
7 11 3
2 4 5
8 10 2
6 10 6
13 16 1
6 7 4
13 16 4
18 18 2
10 14 5
10 13 3
18 22 2
13 15 6
20 22 2
9 11 2
16 19 4
12 16 1
0 3 2
7 11 4
9 12 3
4 6 5
20 23 1
6 10 2
20 23 2
11 14 6
18 20 4
8 12 5
7 10 2
20 23 6
21 1 4
23 1 1
0 5 5
22 2 6
11 15 1
12 16 1
3 5 2
2 6 1
1 4 4
4 6 3
7 11 6
15 19 2
6 8 5
8 11 2
13 15 5
0 2 3
22 23 6
12 16 2
17 19 2
5 8 6
10 13 2
2 4 4
11 13 5
18 22 3
1 5 6
0 2 5
12 16 2
12 15 3
9 12 1
20 22 1
19 23 5
20 1 1
2 4 4
2 5 1
5 7 2
16 19 4
4 8 5
9 13 4
16 19 4
18 23 5
14 18 1
10 11 3
15 17 1
9 12 2
0 5 2
23 2 1
11 13 2
10 15 5
12 15 6
3 5 5
0 3 5
21 0 1
19 0 3
10 13 4
19 22 1
0 2 2
20 23 3
18 22 4
21 0 5
3 7 2
8 9 5
22 2 5
8 11 2
18 20 2
20 23 2
5 9 4
11 15 2
18 22 5
3 8 5
10 15 4
22 1 5
19 21 1
8 11 4
23 2 2
23 4 2
18 22 2
21 23 5
12 16 1
9 12 5
14 15 4
15 18 5
21 1 3
20 23 5
18 22 6
23 1 4
11 14 1
20 23 2
11 13 2
23 0 1
22 2 1
20 0 6
9 12 3
18 22 4
10 15 2
20 21 4
2 4 3
21 0 2
7 12 6
10 13 2
5 8 3
11 15 2
13 15 1
15 18 5
19 21 1
5 8 6
13 16 4
20 0 4
13 16 2
4 7 2
8 10 2
7 10 1
3 6 4
9 10 5
1 4 3
14 16 5
7 9 5
18 22 5
15 18 2
23 3 4
16 19 5
10 12 6
13 15 4
2 6 3
8 11 6
4 6 2
10 12 5
14 18 2
20 22 5
20 22 5
20 0 2
17 20 5
22 2 1
12 14 3
12 16 4
9 11 1
1 4 6
5 8 3
18 22 3
1 4 3
16 18 5
7 10 5
4 8 6
9 12 2
21 2 2
14 17 3
11 12 4
15 17 2
18 22 6
22 1 1
22 1 6
7 9 1
3 6 1
2 6 1
1 5 2
15 19 6
11 13 2
13 17 4
12 14 2
5 9 4
3 8 2
22 1 4
12 15 5
12 16 5
15 19 6
13 16 3
17 20 4
5 9 3
5 8 5
0 4 2
8 10 5
17 19 2
4 9 2
3 5 2
18 22 2
16 20 4
4 7 4
2 5 2
8 11 1
22 2 4
4 8 5
19 22 5
4 6 3
1 4 6
22 1 5
0 3 3
22 3 5
13 16 3
12 14 5
0 4 6
5 7 3
2 5 1
1 3 3
8 10 4
6 9 2
18 21 5
11 13 4
15 20 4
5 9 5
19 22 2
23 3 6
12 14 5
17 19 3
8 12 4
9 11 5
22 1 6
19 21 1
17 21 4
3 5 4
12 14 3
3 7 2
14 17 3
15 19 5
17 20 2
19 23 5
8 10 1
11 16 5
20 0 5
0 0 1
3 5 4
6 9 6
1 3 3
20 1 3
22 1 3
14 19 2
16 20 4
6 7 6
9 13 3
2 6 6
9 10 4
12 14 2
1 4 2
15 17 6
20 23 4
16 19 6
14 17 3
6 10 1
13 15 6
0 2 3
13 16 1
9 12 5
6 9 1
6 9 2
7 10 2
19 22 6
8 11 6
14 15 2
15 18 2
20 1 6
12 16 3
6 8 6
3 6 4
8 11 4
7 7 3
4 8 1
4 7 5
7 11 5
8 11 6
1 4 4
1 6 1
17 20 3
23 2 4
23 1 1
15 17 3
22 1 5
8 10 1
16 20 3
7 9 3
2 6 2
1 3 4
10 13 3
0 4 6
9 11 3
12 14 6
14 18 5
0 3 3
22 1 5
23 4 4
1 5 5
14 17 2
16 18 4
3 6 1
2 5 5
22 1 5
22 1 1
16 19 4
7 11 6
15 17 6
16 19 3
20 22 1
15 18 2
10 13 5
6 7 6
13 16 6
20 0 5
12 15 6
21 22 3
18 20 1
3 8 2
6 10 5
3 7 4
13 16 1
8 12 5
14 16 4
9 12 3
14 17 3
23 1 4
0 2 5
15 17 4
1 3 5
22 1 6
18 20 4
3 6 4
6 9 1
2 5 1
22 2 4
23 3 2
23 4 4
20 23 4
0 3 3
14 17 5
17 19 3
11 12 3
14 17 5
14 17 5
9 11 3
22 1 2
2 6 4
14 16 3
4 9 2
17 19 1
9 12 6
15 18 5
23 2 6
11 14 2
17 22 1
20 23 1
11 14 4
0 3 1
15 17 3
22 0 4
2 4 1
18 21 1
9 12 4
6 10 1
13 17 1
8 11 2
8 11 3
19 20 5
2 5 2
6 10 6
13 16 3
13 16 2
10 15 6
5 8 6
22 0 4
12 16 3
17 19 4
23 2 3
2 5 2
14 18 1
13 15 4
20 22 5
22 4 2
22 0 2
20 22 1
5 9 2
15 18 4
22 0 5
6 10 3
3 6 5
17 22 4
21 0 6
4 6 4
5 8 1
6 10 2
17 20 1
10 13 5
11 13 5
16 19 3
20 22 4
20 1 1
10 13 6
16 18 1
11 14 3
23 2 2
3 4 6
18 23 4
9 12 2
9 11 3
13 14 4
9 14 2
3 6 4
14 18 5
15 18 4
13 17 4
0 5 4
2 5 5
6 10 3
7 9 5
12 14 5
5 6 6
2 4 5
5 9 3
11 13 3
8 12 5
5 7 6
21 23 6
10 14 2
3 6 5
3 7 5
10 14 6
5 8 2
1 4 2
5 9 6
4 7 1
11 12 1
20 21 5
14 18 2
2 5 1
22 1 2
13 17 3
21 0 2
8 12 5
15 18 6
0 2 1
23 3 4
19 20 5
16 18 2
1 3 2
6 9 4
20 22 6
12 13 4
17 19 2
2 5 3
15 18 4
17 19 6
9 12 6
23 3 3
3 6 4
7 10 1
7 11 5
5 8 4
11 13 5
2 5 5
3 5 2
11 15 1
12 16 1
13 15 6
13 18 1
14 17 3
5 9 6
5 8 5
22 1 2
12 14 2
17 21 4
18 19 4
14 16 2
21 23 6
2 6 1
15 17 4
17 22 1
3 6 4
13 15 6
15 16 5
5 7 2
6 9 5
4 7 2
5 11 4
16 18 5
4 7 3
21 1 5
7 10 2
15 18 4
2 4 5
10 13 1
4 6 5
15 19 2
6 8 5
5 8 6
16 17 5
22 2 1
13 17 2
18 20 2
14 17 6
22 2 5
11 14 4
7 11 5
7 8 3
23 3 1
9 13 2
16 17 5
17 21 4
18 22 4
9 13 1
20 0 4
2 5 6
7 11 3
22 23 5
23 2 5
4 6 4
11 15 3
1 4 6
22 1 5
16 21 5
13 15 3
8 11 6
6 8 4
19 22 4
23 1 6
22 2 3
10 15 1
23 1 2
14 17 1
19 20 1
6 8 2
15 18 3
12 14 6
17 19 6
20 2 4
11 14 4
2 5 2
12 14 3
6 10 3
1 2 4
18 21 6
2 4 5
17 20 6
8 11 2
3 6 4
2 5 3
1 5 1
8 11 4
5 7 2
8 10 1
16 18 6
2 6 4
22 2 4
7 8 1
5 8 3
1 5 3
22 0 3
7 12 1
4 7 6
4 6 3
21 1 4
12 15 1
23 3 4
19 0 1
5 9 6
21 1 1
14 18 5
14 17 1
20 0 4
4 7 3
16 19 6
21 23 3
0 3 4
23 2 6
20 22 6
7 11 3
19 22 1
4 8 4
4 7 6
8 9 1
20 22 4
7 11 2
14 16 6
15 18 1
13 16 1
5 10 6
9 13 1
17 19 1
16 18 5
14 18 6
14 16 1
2 4 6
10 14 5
16 18 2
13 15 6
7 11 3
1 5 1
6 10 3
6 7 1
7 10 1
13 14 5
1 3 5
16 19 6
12 16 2
8 11 2
10 12 6
6 9 3
19 22 5
14 18 5
20 23 1
20 0 4
14 16 3
19 22 2
3 6 5
10 13 2
13 17 4
1 4 3
13 17 1
1 3 4
23 2 4
6 11 1
18 20 2
13 16 1
21 1 3
21 23 3
18 22 3
21 0 2
10 13 6
2 5 6
0 2 5
18 22 2
10 12 5
20 23 2
20 23 4
20 23 4
12 15 4
20 1 3
19 22 2
15 18 4
0 3 1
23 1 4
8 9 2
5 8 2
5 9 2
23 2 6
18 22 1
6 11 4
6 9 3
6 10 2
12 13 2
7 10 1
15 17 2
16 18 6
7 8 2
23 0 2
23 2 3
1 2 5
0 4 2
15 19 6
10 14 5
9 12 5
3 7 1
5 7 6
6 10 4
15 18 5
6 9 3
5 9 2
23 2 3
13 16 2
14 15 5
19 19 2
20 22 5
13 17 2
9 11 6
19 23 3
2 5 1
20 23 5
21 0 4
4 8 5
2 3 4
16 20 4
9 11 1
22 2 5
1 6 3
11 15 1
12 17 2
14 15 5
17 19 3
0 4 6
11 15 3
15 18 5
15 18 1
19 21 3
23 0 2
9 10 6
17 21 2
1 5 3
10 14 5
1 4 2
3 5 2
16 19 4
23 1 4
19 22 3
20 22 5
19 21 4
5 7 3
18 20 3
2 5 1
7 10 2
13 17 5
1 6 2
13 16 6
20 23 6
3 5 6
12 14 6
10 12 1
1 3 3
18 20 6
22 0 3
17 21 3
3 8 6
10 12 4
11 13 3
18 20 2
2 4 3
9 13 1
11 14 5
5 7 6
17 20 4
5 6 2
7 11 2
22 2 1
6 10 5
5 9 6
19 21 5
8 10 1
4 7 1
3 5 5
7 11 6
17 20 5
13 16 5
14 16 5
8 12 6
14 16 4
21 1 3
0 2 1
20 0 3
2 4 6
16 19 5
19 22 1
10 11 1
16 18 5
13 16 2
4 7 1
2 5 5
7 10 1
11 14 1
10 12 2
16 19 4
9 13 1
1 4 1
3 7 3
23 23 3
9 11 1
23 2 1
2 7 1
0 5 1
14 17 3
15 18 6
3 5 4
8 12 1
21 0 1
22 1 4
16 19 6
6 9 5
22 2 1
1 3 2
3 5 2
15 20 3
8 10 5
17 20 5
1 3 5
4 7 4
8 11 1
4 9 2
4 9 1
2 6 4
4 9 2
23 4 5
14 18 3
9 12 3
22 1 6
6 10 5
20 22 6
23 1 5
5 8 2
1 5 3
1 3 6
21 22 3
22 2 2
23 3 4
0 3 2
13 17 4
16 19 3
4 7 5
10 14 5
2 4 3
13 16 1
14 17 5
2 6 3
18 22 5
2 4 2
23 2 3
6 10 4
22 0 4
4 7 6
6 7 3
11 13 4
3 7 1
20 22 5
12 15 6
8 12 5
21 1 1
22 0 1
6 9 3
18 20 5
5 7 2
13 15 4
18 20 2
13 15 3
16 19 2
9 11 5
14 16 4
0 2 4
3 5 4
9 12 1
3 7 3
17 19 3
0 4 3
22 3 5
10 12 2
11 14 3
9 13 2
23 0 2
2 5 4
14 17 2
12 16 5
23 3 3
22 1 1
13 16 4
10 13 2
4 5 6
10 12 5
5 8 6
17 20 6
1 3 2
5 8 5
6 8 3
2 6 5
6 8 1
5 6 4
4 7 5
4 8 5
12 18 2
19 22 3
10 12 6
3 7 1
0 3 5
14 18 6
1 3 3
3 5 5
7 9 3
19 21 3
23 2 2
5 9 2
2 4 2
5 8 5
23 2 5
10 14 6
3 6 6
12 15 3
9 13 3
15 18 2
0 4 6
20 22 4
16 17 1
18 20 6
5 8 6
8 10 3
2 5 6
11 15 5
19 22 6
15 18 5
7 10 6
1 3 1
15 17 4
20 22 2
1 4 4
22 0 6
13 16 6
8 11 5
0 5 3
1 4 6
6 8 5
8 10 1
4 8 2
16 20 6
8 10 2
10 13 5
6 9 6
23 3 3
10 12 3
10 13 5
14 17 2
2 6 5
12 16 3
18 22 2
17 21 1
13 15 5
18 21 1
17 20 4
11 15 5
21 0 2
0 4 2
4 7 4
19 20 6
15 18 6
18 20 5
22 2 5
11 15 3
2 4 6
1 5 2
23 3 5
9 12 3
11 16 6
10 14 3
19 20 2
13 17 3
13 16 6
22 3 1
18 21 2
3 6 3
