100 6
1 6 6 6 5 1 
20 22 3
8 11 3
5 7 1
4 5 5
1 3 2
23 2 3
23 1 5
10 12 4
22 3 1
0 4 6
10 14 1
18 23 5
4 6 2
18 21 4
20 23 6
10 12 3
3 5 1
3 5 4
14 18 4
1 4 5
0 2 1
3 6 5
5 7 2
1 5 1
14 18 6
4 5 5
13 15 2
12 13 4
21 0 4
2 6 4
22 2 2
19 21 5
11 13 1
2 6 4
3 6 5
22 0 4
20 21 5
9 12 2
11 14 6
23 3 3
13 17 6
0 3 1
7 10 2
20 23 5
7 11 3
4 6 3
3 6 5
4 6 3
7 10 4
22 0 6
6 7 1
23 4 6
18 22 3
23 1 2
20 1 6
4 9 5
2 4 3
23 3 4
16 18 2
5 8 2
3 6 2
1 4 3
3 6 6
10 12 2
10 12 3
14 20 2
17 19 6
19 22 4
13 16 4
3 6 5
17 20 6
21 0 3
6 10 1
8 11 2
2 4 6
3 5 3
8 12 2
5 9 4
2 5 2
13 14 6
5 7 5
20 0 4
15 19 1
2 4 3
9 11 1
12 16 6
21 23 3
1 3 1
10 13 2
21 0 1
15 19 6
21 1 5
3 6 2
21 23 6
20 0 1
14 17 4
15 17 5
15 16 6
17 19 4
23 1 5
