100 4
4 4 1 1 
18 21 4
22 1 3
12 15 2
8 11 1
5 9 3
7 10 4
22 2 4
8 10 3
7 10 1
21 0 3
2 7 4
23 2 2
18 22 2
0 4 3
12 13 1
16 18 2
1 4 1
21 0 4
2 5 1
21 1 1
3 6 1
13 17 4
22 2 1
17 20 3
13 16 2
16 20 1
8 11 1
17 20 1
10 12 3
22 1 3
12 16 2
0 3 2
19 22 3
3 6 4
16 18 1
14 15 3
8 11 4
15 17 4
7 10 3
12 16 4
1 3 1
3 5 3
22 3 3
2 5 2
2 6 3
1 3 4
23 0 3
1 5 1
5 9 3
7 10 1
18 20 2
14 18 2
17 22 1
19 20 1
4 9 1
0 1 1
20 23 4
0 2 4
14 16 1
14 19 2
13 16 4
3 6 4
11 15 4
22 1 3
6 10 2
8 12 2
18 22 1
18 20 2
11 13 1
22 2 2
5 8 1
8 12 1
15 18 4
4 8 1
15 18 2
18 21 3
7 11 1
1 2 1
22 2 3
17 19 3
1 4 3
20 0 4
4 5 3
17 19 2
1 3 4
13 14 1
8 10 3
10 14 1
23 2 4
8 12 3
22 2 1
8 9 1
15 16 4
15 19 2
16 18 4
21 1 1
4 6 3
23 1 4
23 3 1
20 0 2
